2000.00000000 0.00000000 1.00000000
1990.00000000 0.00000001 1.00000000
1980.00000000 0.00000005 1.00000000
1970.00000000 0.00000017 1.00000000
1960.00000000 0.00000039 1.00000000
1950.00000000 0.00000077 1.00000000
1940.00000000 0.00000133 1.00000000
1930.00000000 0.00000211 1.00000000
1920.00000000 0.00000316 1.00000000
1910.00000000 0.00000449 1.00000000
1900.00000000 0.00000616 1.00000000
1890.00000000 0.00000820 1.00000000
1880.00000000 0.00001065 1.00000000
1870.00000000 0.00001354 1.00000000
1860.00000000 0.00001691 1.00000000
1850.00000000 0.00002080 1.00000000
1840.00000000 0.00002525 1.00000000
1830.00000000 0.00003028 1.00000000
1820.00000000 0.00003595 1.00000000
1810.00000000 0.00004228 1.00000000
1800.00000000 0.00004931 1.00000000
1790.00000000 0.00005708 1.00000000
1780.00000000 0.00006563 1.00000000
1770.00000000 0.00007500 1.00000000
1760.00000000 0.00008521 1.00000000
1750.00000000 0.00009631 1.00000000
1740.00000000 0.00010834 1.00000000
1730.00000000 0.00012133 1.00000000
1720.00000000 0.00013531 1.00000000
1710.00000000 0.00015033 1.00000000
1700.00000000 0.00016643 1.00000000
1690.00000000 0.00018363 1.00000000
1680.00000000 0.00020198 1.00000000
1670.00000000 0.00022152 1.00000000
1660.00000000 0.00024227 0.99999954
1650.00000000 0.00026428 0.99999287
1640.00000000 0.00028756 0.99997078
1630.00000000 0.00031216 0.99992405
1620.00000000 0.00033809 0.99984342
1610.00000000 0.00036539 0.99971966
1600.00000000 0.00039408 0.99954351
1590.00000000 0.00042420 0.99930573
1580.00000000 0.00045577 0.99899709
1570.00000000 0.00048882 0.99860833
1560.00000000 0.00052338 0.99813021
1550.00000000 0.00055948 0.99755350
1540.00000000 0.00059714 0.99686893
1530.00000000 0.00063640 0.99606728
1520.00000000 0.00067729 0.99513929
1510.00000000 0.00071982 0.99407572
1500.00000000 0.00076404 0.99286733
1490.00000000 0.00080997 0.99150488
1480.00000000 0.00085763 0.98997912
1470.00000000 0.00090706 0.98828080
1460.00000000 0.00095829 0.98640069
1450.00000000 0.00101134 0.98432953
1440.00000000 0.00106624 0.98205809
1430.00000000 0.00112303 0.97957712
1420.00000000 0.00118172 0.97687738
1410.00000000 0.00124235 0.97394962
1400.00000000 0.00130495 0.97078460
1390.00000000 0.00136955 0.96737307
1380.00000000 0.00143617 0.96370580
1370.00000000 0.00150484 0.95977353
1360.00000000 0.00157560 0.95556703
1350.00000000 0.00164846 0.95107704
1340.00000000 0.00172347 0.94629433
1330.00000000 0.00180063 0.94120985
1320.00000000 0.00187993 0.93582657
1310.00000000 0.00196122 0.93016606
1300.00000000 0.00204436 0.92425150
1290.00000000 0.00212919 0.91810608
1280.00000000 0.00221558 0.91175295
1270.00000000 0.00230337 0.90521532
1260.00000000 0.00239242 0.89851635
1250.00000000 0.00248258 0.89167922
1240.00000000 0.00257371 0.88472711
1230.00000000 0.00266566 0.87768320
1220.00000000 0.00275829 0.87057066
1210.00000000 0.00285144 0.86341269
1200.00000000 0.00294497 0.85623244
1190.00000000 0.00303874 0.84905310
1180.00000000 0.00313260 0.84189786
1170.00000000 0.00322640 0.83478988
1160.00000000 0.00331999 0.82775234
1150.00000000 0.00341323 0.82080844
1140.00000000 0.00350598 0.81398133
1130.00000000 0.00359809 0.80729420
1120.00000000 0.00368940 0.80077023
1110.00000000 0.00377978 0.79443260
1100.00000000 0.00386907 0.78830448
1090.00000000 0.00395714 0.78240905
1080.00000000 0.00404383 0.77676950
1070.00000000 0.00412900 0.77140899
1060.00000000 0.00421251 0.76635072
1050.00000000 0.00429419 0.76161784
1040.00000000 0.00437392 0.75723355
1030.00000000 0.00445154 0.75322103
1020.00000000 0.00452691 0.74960344
1010.00000000 0.00459988 0.74640397
1000.00000000 0.00467030 0.74364580
990.00000000 0.00473806 0.74134465
980.00000000 0.00480318 0.73948646
970.00000000 0.00486569 0.73804970
960.00000000 0.00492565 0.73701286
950.00000000 0.00498310 0.73635441
940.00000000 0.00503809 0.73605284
930.00000000 0.00509065 0.73608663
920.00000000 0.00514085 0.73643426
910.00000000 0.00518872 0.73707421
900.00000000 0.00523431 0.73798495
890.00000000 0.00527766 0.73914498
880.00000000 0.00531883 0.74053276
870.00000000 0.00535785 0.74212679
860.00000000 0.00539477 0.74390554
850.00000000 0.00542965 0.74584749
840.00000000 0.00546251 0.74793112
830.00000000 0.00549342 0.75013492
820.00000000 0.00552241 0.75243736
810.00000000 0.00554953 0.75481692
800.00000000 0.00557483 0.75725209
790.00000000 0.00559836 0.75972134
780.00000000 0.00562015 0.76220316
770.00000000 0.00564025 0.76467602
760.00000000 0.00565872 0.76711842
750.00000000 0.00567559 0.76950881
740.00000000 0.00569091 0.77182570
730.00000000 0.00570473 0.77404756
720.00000000 0.00571710 0.77615286
710.00000000 0.00572805 0.77812009
700.00000000 0.00573763 0.77992774
690.00000000 0.00574590 0.78155427
680.00000000 0.00575289 0.78297818
670.00000000 0.00575866 0.78417793
660.00000000 0.00576324 0.78513380
650.00000000 0.00576669 0.78584672
640.00000000 0.00576907 0.78633098
630.00000000 0.00577042 0.78660109
620.00000000 0.00577081 0.78667155
610.00000000 0.00577029 0.78655687
600.00000000 0.00576892 0.78627157
590.00000000 0.00576674 0.78583015
580.00000000 0.00576382 0.78524711
570.00000000 0.00576020 0.78453697
560.00000000 0.00575595 0.78371423
550.00000000 0.00575112 0.78279341
540.00000000 0.00574576 0.78178900
530.00000000 0.00573993 0.78071552
520.00000000 0.00573368 0.77958748
510.00000000 0.00572707 0.77841938
500.00000000 0.00572016 0.77722573
490.00000000 0.00571299 0.77602104
480.00000000 0.00570563 0.77481982
470.00000000 0.00569813 0.77363658
460.00000000 0.00569053 0.77248582
450.00000000 0.00568291 0.77138205
440.00000000 0.00567531 0.77033979
430.00000000 0.00566779 0.76937353
420.00000000 0.00566040 0.76849779
410.00000000 0.00565320 0.76772707
400.00000000 0.00564624 0.76707588
390.00000000 0.00563958 0.76655874
380.00000000 0.00563327 0.76619014
370.00000000 0.00562737 0.76598460
360.00000000 0.00562193 0.76595663
350.00000000 0.00561701 0.76612073
340.00000000 0.00561266 0.76649141
330.00000000 0.00560893 0.76708304
320.00000000 0.00560571 0.76790183
310.00000000 0.00560262 0.76894135
300.00000000 0.00559925 0.77019406
290.00000000 0.00559520 0.77165242
280.00000000 0.00559007 0.77330892
270.00000000 0.00558344 0.77515602
260.00000000 0.00557493 0.77718619
250.00000000 0.00556412 0.77939190
240.00000000 0.00555062 0.78176562
230.00000000 0.00553401 0.78429982
220.00000000 0.00551390 0.78698697
210.00000000 0.00548988 0.78981954
200.00000000 0.00546155 0.79279000
190.00000000 0.00542850 0.79589083
180.00000000 0.00539034 0.79911448
170.00000000 0.00534665 0.80245343
160.00000000 0.00529704 0.80590016
150.00000000 0.00524110 0.80944712
140.00000000 0.00517843 0.81308679
130.00000000 0.00510862 0.81681165
120.00000000 0.00503127 0.82061415
110.00000000 0.00494598 0.82448677
100.00000000 0.00485235 0.82842199
90.00000000 0.00474997 0.83241226
80.00000000 0.00463843 0.83645007
70.00000000 0.00451734 0.84052787
60.00000000 0.00438629 0.84463814
50.00000000 0.00424488 0.84877336
40.00000000 0.00409270 0.85292598
30.00000000 0.00392935 0.85708848
20.00000000 0.00375443 0.86125333
10.00000000 0.00356753 0.86541300
0.00000000 0.00336825 0.86955997
