8730486.02610345
6737546.30177144
4225110.67952527
2348435.08432936
1773076.73474577
2435408.97026337
3693729.54539777
4730801.78391306
4973142.55618378
4324711.78231890
3135274.28189392
1962893.75594751
1277136.18094892
1252563.32366786
1734228.67927783
2362428.37007483
2771858.05006884
2760347.00898069
2354538.75038710
1759975.96020045
1238202.96869329
979229.82348140
1027652.89709100
1286157.05222990
1581314.14006105
1751779.98763189
1716488.29246207
1496921.76917636
1191996.70742388
924378.32569411
785442.40857363
801648.53865940
932366.18076218
1095035.64126878
1203707.67869257
1204208.64652620
1092940.98242251
914056.25875216
738171.47514409
632147.40535922
631977.22425121
729055.83008642
874760.91796757
1001197.26486222
1049625.77240668
994941.10093566
856001.99570608
687341.70590163
555623.34423885
510872.70561319
565005.53893964
687155.13500938
817941.18565301
896322.04589652
886922.34245127
795451.41810980
665251.19944955
556682.23608535
518956.33628169
567461.40214574
676992.11536595
793848.20660823
860999.76232542
844544.52920918
749242.61480957
616131.42616306
503580.77115322
460717.72929529
505459.26501477
617019.19064664
745941.80060614
836697.40406023
852343.86992640
790145.33365062
681456.55454741
576459.18607119
521096.40071425
536781.73423625
611846.03400788
708136.85091307
779315.49758666
792303.12850309
742193.08194287
654127.82018370
571587.65267897
536561.01474904
570536.53418101
664744.41323880
783906.77804192
881813.87718890
921907.30470835
893898.16701810
819149.84316779
742353.87684885
712884.91438053
763677.49096881
896654.19643984
1081127.40717121
1266227.13507691
1402454.52291398
1463385.89105005
1458114.91227032
1428549.40424431
1431889.25383613
1515051.26985581
1691786.43419287
1932905.73563328
2175194.07182271
2346910.21350403
2400245.81314341
2336975.88039183
2214918.10816953
2129775.25684133
2177155.13996170
2409064.18100510
2803753.96012029
3264784.54592954
3654725.23499102
3854398.80457146
3825586.77000199
3649482.26289090
3518576.72295294
3675754.90361504
4316308.35705635
5488291.36459022
7035598.43242285
8620680.85979685
9839846.03203747
10409942.24610802
10372210.84305461
10239824.63649799
11019561.43431995
14067506.77836246
20787124.55412378
32231433.28882755
48711961.60688598
69530576.32769407
92928886.29262343
116297289.03567283
136615844.76437852
151032461.41608033
157440842.58033976
154915182.89579257
143893327.42322955
126065349.34260778
104001179.07251401
80616621.08344541
58613132.87789782
40023932.61923983
25960260.26917488
16590557.75409549
11321482.20082257
9101971.25554312
8752448.39150307
9233072.32990866
9800084.14378497
10043506.89281745
9837070.48696792
9250653.96810641
8472761.87127839
7769904.87916174
7481632.87767775
8026605.16147931
9885940.39887959
13538514.14329000
19345132.25065388
27405440.22018101
37431989.12679460
48691277.74113299
60048513.13841330
70124655.67509574
77539944.74560046
81188897.66586007
80477660.01487745
75460698.80397707
66838817.86893095
55816973.86504678
43857442.73869691
32390558.00216883
22553955.06867528
15020112.30341478
9945106.39630883
7037501.96905340
5715380.98315452
5300283.12880037
5193746.21690318
4994497.48002233
4536903.48304443
3856258.71761634
3106207.98324256
2462857.37751955
2047571.72152815
1888562.12365889
1925227.15607220
2044584.14314210
2130493.52131659
2105634.56964771
1952349.58284056
1708374.42451890
1443135.85662804
1226392.03486952
1101912.22253647
1075078.46675667
1116813.68439501
1179837.12329183
1219256.14039106
1209059.07725320
1148852.39909746
1059705.90602211
972294.29004606
913038.41740380
893935.10197922
909555.63293371
941426.00423557
967077.52254391
969571.07386861
943652.46769016
896521.27203280
843588.16547079
801536.68177014
781776.88352904
786816.79889037
810574.45934864
841935.51933538
869656.25963974
886449.40276776
890758.33648236
885923.27779860
877592.16445191
870839.26894014
868326.23618609
870123.65726074
874906.94490489
881596.52502412
890415.73257278
902792.03721466
920259.92227048
943138.61169124
969924.24350619
997954.51697343
1025158.45600039
1051979.94463919
1082264.33124796
1122242.95247344
1177652.20623148
1250095.86882039
1334472.46325803
1419208.65303245
1490044.74986161
1536508.07210734
1558629.38013632
1570663.23974647
1599114.60132108
1674318.80085227
1817643.20153729
2029068.57826135
2281306.44478687
2525836.31336630
2713097.64350259
2824201.35487773
2906351.98303712
3100478.61211295
3648939.32338773
4874389.70423753
7127637.49652452
10711006.98408299
15792046.18850471
22327794.92291036
30020356.20352709
38319478.45797756
46478105.75425097
53654634.30110300
59044007.56210502
62011869.77985663
62203990.90810738
59607779.48074592
54552888.10791709
47651195.72889026
39689533.89382675
31498217.34855626
23822489.43503511
17221657.54664517
12012877.37819986
8265482.61602583
5840354.31420976
4459852.63575079
3789214.72680932
3510696.65043523
3376413.46482045
3233102.95420029
3019744.29515990
2745115.24076822
2455664.95880356
2204152.86814402
2026904.61100305
1933438.34337069
1907996.32370257
1919344.01949186
1933731.50815819
1926204.50659792
1887048.75772695
1822314.70959143
1749354.18983857
1689577.70783307
1661009.49844570
1672791.79064328
1722887.16298776
1799215.08583288
1883620.49069475
1957543.23324104
2008031.73401789
2032740.45975956
2042693.45377064
2061869.25490582
2123112.75399479
2260564.99836847
2499715.48107470
2847187.66471246
3283192.73331428
3759873.76458460
4208196.18290067
4554483.47825072
4745302.55742158
4776643.93008687
4720935.36686916
4744159.67902519
5105841.55001378
6137167.02692852
8196726.59145304
11608534.43460433
16591910.12355464
23196255.61814650
31254691.84631170
40368428.04971213
49928813.48461593
59177152.70748589
67294959.57004899
73510987.25656116
77207525.91133010
78008002.88358520
75831003.46994306
70901818.56458767
63720252.20876388
54991088.83516670
45529769.98070175
36159299.90948183
27614661.25064630
20468265.77715788
15085008.14620730
11609542.33650319
9982759.71525300
9980198.93620317
11262910.16926626
13431245.89255488
16073782.39487705
18806377.66039954
21299410.32970096
23293788.33308182
24607896.65947261
25138143.43900803
24855350.27359687
23798317.21604068
22064941.32936200
19800667.23480650
17184002.35320204
14409320.43692384
11667994.67061859
9129727.45367192
6926458.43659609
5141214.06260377
3803651.29955107
2892960.74971328
2347482.50083487
2079167.85603491
1990183.30773945
1988691.00704075
2001197.90095961
1979738.03785475
1903317.38792801
1774230.98157725
1610797.48275217
1438563.30452606
1282038.72034479
1158594.64480536
1075420.06420252
1029617.19918804
1010793.52775631
1005047.25447453
999107.42027186
983566.93977113
954549.54318422
913650.73739110
866453.71024721
820236.47780856
781599.67753873
754655.81332699
740180.93462565
735819.92551554
737144.84475063
739164.22274943
737810.15806555
730991.93810772
718968.32072603
704002.15621077
689461.08309997
678666.16554221
673836.71921732
675430.14683856
682050.34384620
690934.26436478
698867.21186040
703262.82851613
703100.11925775
699445.48009491
695392.31309559
695398.71001293
704160.35808071
725285.51863390
760112.12507824
807006.20930443
861403.46009474
916714.59225683
966035.82212307
1004421.71350215
1031324.53411685
1052713.45386845
1082379.97690346
1142020.65985841
1259856.41745596
1467776.46430269
1797249.19241181
2274480.30546171
2915478.67071711
3721777.89761701
4677535.28560430
5748585.81508082
6883783.00240737
8018644.14510553
9080981.26299771
9997893.26144817
10703269.14460356
11144844.98486143
11289889.28062513
11128760.82689313
10675866.53887310
9967901.40725082
9059624.65646126
8017758.07645041
6913833.87653123
5816934.70642276
4787242.91039764
3871157.70620133
3098476.98143229
2481819.62804222
2018137.41331522
1691883.61420816
1479210.52900983
1352484.68742055
1284442.47384960
1251445.63403181
1235505.25867127
1224983.71595121
1214113.54406631
1201652.40920518
1189097.14172229
1178896.07947730
1173032.31853351
1172220.26884410
1175793.61713429
1182198.15679430
1189869.79363675
1198200.61959615
1208286.97396945
1223212.27419085
1247730.77964983
1287363.19741480
1347062.46627813
1429729.25337859
1534927.44388869
1658154.90034878
1790960.08053526
1922068.75897722
2039515.85238484
2133591.48969537
2200237.88943532
2244403.01905833
2282791.65379314
2345468.56892537
2475865.21001301
2728911.59416905
3167240.02000638
3855658.86897704
4854341.30609672
6211382.56636640
7955522.12074107
10089882.21060838
12587531.11009718
15389538.77976528
18405966.78894198
21519946.30831530
24594678.18683083
27482872.44871473
30037866.15562872
32125449.95732166
33635319.05039764
34491058.04816027
34657674.06613890
34145899.17890836
33012772.01713666
31358350.08493377
29318764.83757209
27056174.35308840
24746459.25369933
22565717.40194223
20676721.66989535
19216502.84119753
18286108.19970579
17943378.11778326
18199300.14106624
19018171.66395125
20321461.13634653
21994936.89947164
23898362.19342626
25876858.47591987
27772932.58070139
29438152.46389520
30743537.81498487
31587893.07301151
31903531.89618039
31659099.46459774
30859465.80699517
29542914.05736597
27776059.86430691
25647095.17187315
23258040.88396958
20716715.48919457
18129084.25821040
15592556.01124579
13190655.89156269
10989340.03901774
9035049.13395621
7354438.96845386
5955591.29178778
4830407.13402890
3957823.20874026
3307470.86048079
2843413.32317400
2527644.36301231
2323101.07210128
2196025.82384231
2117597.48207552
2064831.13481784
2020812.00536999
1974378.15346413
1919395.97917665
1853782.58239364
1778421.90357254
1696100.96949103
1610563.01105941
1525740.48232175
1445197.53525975
1371781.94794025
1307463.47534959
1253320.46179529
1209629.56881316
1176013.80607932
1151610.17709582
1135228.13066787
1125481.52888503
1120887.99599750
1119938.71794574
1121147.95012035
1123094.19316169
1124464.34941693
1124108.75466043
1121109.76805240
1114860.70457959
1105146.46492542
1092213.20227424
1076812.51716289
1060206.29485537
1044121.41808928
1030648.81459679
1022087.97281280
1020745.35269351
1028702.08416324
1047572.11533574
1078275.75876987
1120854.90262265
1174354.69719900
1236792.37173519
1305227.28954680
1375937.99444487
1444702.57178336
1507169.03257152
1559293.47403074
1597816.31343783
1620741.60235302
1627781.78876554
1620730.56786335
1603729.65689559
1583401.21485155
1568825.77489895
1571355.35406754
1604262.13917666
1682234.04242832
1820738.70739874
2035286.53827139
2340630.40525794
2749944.43981869
3274026.46766172
3920568.08266871
4693533.20526916
5592680.46371422
6613257.26840532
7745884.51413874
8976641.00608816
10287346.54223191
11656032.68761399
13057581.16785344
14464501.95617083
15847816.90020218
17178010.38138018
18426006.16973969
19564129.35677970
20567013.92512053
21412419.98253350
22081929.68248817
22561497.04476843
22841833.93927697
22918622.01793388
22792547.97883609
22469166.91471766
21958605.25915901
21275120.78555956
20436541.98419332
19463612.78701235
18379271.02197333
17207889.99619129
15974512.44369917
14704104.65555621
13420856.20679741
12147547.39948932
10905002.57356033
9711643.02642829
8583148.61418097
7532232.40648769
6568528.22845771
5698586.71253073
4925971.75059167
4251446.09671144
3673232.40304218
3187334.22567589
2787900.52172746
2467616.86711868
2218107.00068105
2030329.27902529
1894954.12780861
1802710.49031303
1744691.48373983
1712611.90327175
1699012.69397987
1697409.99025139
1702388.67898986
1709642.58923262
1715965.30477744
1719197.15154837
1718135.13550142
1712413.43767340
1702362.54828217
1688855.23076930
1673147.28603469
1656720.57410360
1641134.98285381
1627895.07481825
1618336.03844811
1613532.37255832
1614231.51165180
1620813.37902499
1633275.71251835
1651243.94724357
1674003.52727446
1700551.74394356
1729665.61437765
1759981.88940080
1790085.04997226
1818599.08727711
1844278.96225869
1866097.88394380
1883326.91549584
1895603.88822322
1902989.14920349
1906006.26370721
1905666.42271142
1903475.92409426
1901426.71184501
1901970.51765846
1907977.66960463
1922682.07955638
1949614.28752728
1992524.73603327
2055299.64518687
2141871.98084700
2256130.04136475
2401826.14879412
2582487.81762605
2801333.60514409
3061195.61917542
3364450.40044195
3712959.59989777
4108021.55699674
4550334.56729531
5039972.30150413
5576371.53100627
6158332.01490846
6784028.13730766
7451031.63747955
8156344.56585653
8896441.42620395
9667319.32340378
10464554.83689366
11283366.27498748
12118679.93517295
12965198.99893863
13817473.72118704
14669971.63511972
15517146.57333666
16353505.40495277
17173671.51094750
17972444.13169890
18744852.87401244
19486206.78040043
20192137.51754007
20858636.36561549
21482084.82630235
22059278.77846051
22587446.23957282
23064258.87736567
23487837.51566696
23856751.95298206
24170015.48214239
24427074.54448386
24627794.00241869
24772438.53082922
24861650.65969871
24896425.99371775
24878086.13698648
24808249.84318211
24688802.88787923
24521867.13784717
24309769.25920065
24055009.47810565
23760230.75749878
23428188.73700280
23061722.71366796
22663727.92580340
22237129.34598172
21784857.15446320
21309824.03096028
20814904.35559725
20302915.38690277
19776600.44925311
19238614.13263008
18691509.47978111
18137727.12782510
17579586.32800551
17019277.77288863
16458858.13599051
15900246.21686054
15345220.58526553
14795418.59988120
14252336.68357451
13717331.73319304
13191623.53484024
12676298.06991705
12172311.58774530
11680495.33325524
11201560.81976874
10736105.54198278
10284619.03392603
9847489.18102941
9425008.70230082
9017381.72884944
8624730.40852810
8247101.47683628
7884472.73985778
7536759.42217862
7203820.33964311
6885463.86283145
6581453.64286984
6291514.07788711
6015335.50137543
5752579.08065710
5502881.41658582
5265858.83962068
5041111.40123558
4828226.56228840
4626782.58215589
4436351.61611480
4256502.52850617
4086803.43231133
3926823.96589949
3776137.32070016
3634322.02864735
3500963.52996837
3375655.52857719
3258001.15166087
3147613.92907542
3044118.60358238
2947151.78751613
2856362.47779937
2771412.44377156
2691976.49779676
2617742.66344810
2548412.24915033
2483699.84054697
2423333.21998096
2367053.22322006
2314613.54089741
2265780.47480284
2220332.65360538
2178060.71781855
2138766.97785050
2102265.05128782
2068379.48673170
2036945.37509538
2007807.95517141
1980822.21773897
1955852.50788438
1932772.13279623
1911462.97533529
1891815.11522055
1873726.46119987
1857102.39405960
1841855.42615051
1827904.87139161
1815176.53353009
1803602.41100662
1793120.41786389
1783674.12346555
1775212.50963320
1767689.74776637
1761064.99359757
1755302.20117443
1750369.95765222
1746241.33541467
1742893.76568053
1740308.92946911
1738472.67082052
1737374.92688742
